002
003
004
010
011
013
014
016
017
018
019
020
021
023
024
025
026
028
030
031
032
034
035
037
039
043
044
046
047
048
049
050
051
053
054
055
056
057
058
060
062
063
064
065
066
067
068
069
070
071
072
075
076
078
080
081
082
084
085
088
090
091
094
097
098
099
100
101
103
104
105
108
109
110
113
116
118
119
120
123
126
127
128
129
130
131
132
133
134
135
136
137
138
139
140
142
145
146
147
149
150
152
154
158
161
162
164
165
167
168
169
170
171
174
175
177
178
179
180
182
184
185
186
187
189
191
192
193
194
195
197
198
199
200
202
203
205
206
207
208
210
211
213
214
216
218
219
220
221
222
223
225
227
228
231
232
233
235
236
237
238
239
240
241
242
243
245
246
247
248
249
250
251
252
253
254
257
260
262
263
264
265
266
267
269
271
272
276
278
279
280
281
282
283
284
285
287
289
290
291
292
293
294
295
297
298
299
301
302
304
306
307
308
309
312
313
314
315
316
317
318
320
321
323
324
325
327
328
329
330
331
334
335
338
339
340
341
342
343
344
345
346
347
348
352
353
354
355
360
361
363
364
365
368
369
370
371
372
374
375
376
377
378
379
380
381
382
384
385
386
387
388
389
390
393
394
395
396
398
399
402
403
405
407
409
411
412
413
414
415
416
417
419
420
421
422
423
424
425
426
428
429
430
431
432
433
434
435
438
439
440
441
442
443
444
445
448
450
451
452
454
455
458
462
463
466
467
468
471
473
474
475
476
477
478
479
480
483
484
485
487
488
489
490
491
492
494
495
497
499